R:
  rows: 3
  cols: 3
  data: [-0.998105, -0.0223319, -0.057336, -0.0160033, 0.993962, -0.108554,  0.0594141, -0.107431, -0.992436]
t:
  rows: 3
  cols: 1
  data: [0.244232, 0.353273, 0.0152628]



