R:
  rows: 3
  cols: 3
  data: [-0.997676, 0.0248311, -0.063455, 0.0323284, 0.992247, -0.119999,  0.0599831, -0.121771, -0.990744]
t:
  rows: 3
  cols: 1
  data: [0.213458, 0.399448, -0.00797582]
