R:
  rows: 3
  cols: 3
  data: [-0.994156, -0.0923963, -0.0558316, -0.0839229, 0.986777, -0.138668,  0.0679056, -0.133172, -0.988764]
t:
  rows: 3
  cols: 1
  data: [0.207517, 0.439268, 0.0469726]

