R:
  rows: 3
  cols: 3
  data: [-0.987376, 0.00384451, 0.158347, -0.0236712, 0.984897, -0.171514, -0.156615, -0.173097, -0.972373]
t:
  rows: 3
  cols: 1
  data: [0.0341858, 0.545955, 0.331527]
