R:
  rows: 3
  cols: 3
  data: [0.9888570237371005, 0.009753022224121334, 0.14854852797419238, -0.011146500024530917, 0.9999013132916267, 0.008550977422694495, -0.14845047033609138, -0.010111490254957185, 0.9888681487548364]


t:
  rows: 3
  cols: 1
  data: [-0.16458879451032316, -0.0114896054857789, 0.008231738211874794]
