R:
  rows: 3
  cols: 3
  data: [-0.990744, -0.000815585, -0.135741, -0.00779611, 0.998673, 0.0509019, 0.135519,     0.051489, -0.989436]
t:
  rows: 3
  cols: 1
  data: [0.313994, 0.176865, 0.0181805]
