R:
  rows: 3
  cols: 3
  data: [ -0.990847, -0.0106971, -0.134564, -0.0144818, 0.999526,  0.0271783, 0.13421, 0.0288783,  -0.990532]
t:
  rows: 3
  cols: 1
  data: [0.310915, 0.216336, 0.014915]
