R:
  rows: 3
  cols: 3
  data: [-0.99279, -0.0126912, -0.119197, -0.0106113, 0.99978, -0.0180678, 0.1194, -0.0166727,  -0.992706]
t:
  rows: 3
  cols: 1
  data: [0.294891, 0.281728, 0.0183027]

